{
 "cells": [
  {
   "cell_type": "markdown",
   "id": "e5ecb27d-ab7c-4bea-bccc-cf4ae50d9198",
   "metadata": {},
   "source": [
    "![The Harmony Project logo](https://raw.githubusercontent.com/harmonydata/brand/main/Logo/PNG/%D0%BB%D0%BE%D0%B3%D0%BE%20%D1%84%D1%83%D0%BB-05.png)\n",
    "\n",
    "<a href=\"https://harmonydata.ac.uk\"><span align=\"left\">🌐 harmonydata.ac.uk</span></a>\n",
    "<a href=\"https://github.com/harmonydata/harmony\"><img align=\"left\" src=\"https://raw.githubusercontent.com//harmonydata/.github/main/profile/github-mark.svg\" alt=\"Harmony Python package | Github\" width=\"21px\"/></a>\n",
    "<a href=\"https://www.linkedin.com/company/harmonydata\"><img align=\"left\" src=\"https://raw.githubusercontent.com//harmonydata/.github/main/profile/linkedin.svg\" alt=\"Harmony | LinkedIn\" width=\"21px\"/></a>\n",
    "<a href=\"https://twitter.com/harmony_data\"><img align=\"left\" src=\"https://raw.githubusercontent.com//harmonydata/.github/main/profile/x.svg\" alt=\"Harmony | X\" width=\"21px\"/></a>\n",
    "<a href=\"https://www.instagram.com/harmonydata/\"><img align=\"left\" src=\"https://raw.githubusercontent.com//harmonydata/.github/main/profile/instagram.svg\" alt=\"Harmony | Instagram\" width=\"21px\"/></a>\n",
    "<a href=\"https://www.facebook.com/people/Harmony-Project/100086772661697/\"><img align=\"left\" src=\"https://raw.githubusercontent.com//harmonydata/.github/main/profile/fb.svg\" alt=\"Harmony | Facebook\" width=\"21px\"/></a>\n",
    "<a href=\"https://www.youtube.com/channel/UCraLlfBr0jXwap41oQ763OQ\"><img align=\"left\" src=\"https://raw.githubusercontent.com//harmonydata/.github/main/profile/yt.svg\" alt=\"Harmony | YouTube\" width=\"21px\"/></a>\n",
    "\n",
    "# Harmony walkthrough - Python library\n",
    "\n",
    "You can run this notebook in Google Colab: <a href=\"https://colab.research.google.com/github/harmonydata/harmony/blob/main/Harmony_example_walkthrough.ipynb\" target=\"_parent\"><img src=\"https://colab.research.google.com/assets/colab-badge.svg\" alt=\"Open In Colab\"/></a>\n",
    "\n",
    "This notebook shows how you can use Harmony to find the similarity matrix between two questionnaires from Harmony's database, and a third questionnaire which you input here (Norwegian GAD-7).\n",
    "\n",
    "Harmony is a data harmonisation tool that uses natural language\n",
    "processing to recognise where questions in questionnaires are semantically similar. Harmony is a collaboration project between [Ulster University](https://ulster.ac.uk/), [University College London](https://ucl.ac.uk/), the [Universidade Federal de Santa Maria](https://www.ufsm.br/), and [Fast Data Science](http://fastdatascience.com/).  Harmony is funded by [Wellcome](https://wellcome.org/) as part of the [Wellcome Data Prize in Mental Health](https://wellcome.org/grant-funding/schemes/wellcome-mental-health-data-prize).\n",
    "\n",
    "This walkthrough lets you compare items where questions have already been extracted from the PDFs. If you want to process PDFs, you also need to install\n",
    "Java and [Apache Tika](https://tika.apache.org/) - see the Harmony README.\n",
    "\n",
    "![my badge](https://badgen.net/badge/Status/In%20Development/orange)\n",
    "\n",
    "[![PyPI package](https://img.shields.io/badge/pip%20install-harmonydata-brightgreen)](https://pypi.org/project/harmonydata/)\n"
   ]
  },
  {
   "cell_type": "markdown",
   "id": "7c8e3888-784b-4258-9951-685097740ff8",
   "metadata": {},
   "source": [
    "## Install the Harmony Python library from Pypi"
   ]
  },
  {
   "cell_type": "code",
   "execution_count": 1,
   "id": "eefbc044-3ac3-44ba-8de7-b222e744cd2e",
   "metadata": {},
   "outputs": [
    {
     "name": "stdout",
     "output_type": "stream",
     "text": [
      "\u001b[33mWARNING: Ignoring invalid distribution ~rotobuf (/home/thomas/anaconda3/lib/python3.12/site-packages)\u001b[0m\u001b[33m\n",
      "\u001b[0m\u001b[33mWARNING: Ignoring invalid distribution ~rotobuf (/home/thomas/anaconda3/lib/python3.12/site-packages)\u001b[0m\u001b[33m\n",
      "\u001b[0mCollecting harmonydata\n",
      "  Downloading harmonydata-1.0.5-py3-none-any.whl.metadata (23 kB)\n",
      "Requirement already satisfied: pydantic==2.8.2 in /home/thomas/anaconda3/lib/python3.12/site-packages (from harmonydata) (2.8.2)\n",
      "Collecting pandas==2.2.2 (from harmonydata)\n",
      "  Using cached pandas-2.2.2-cp312-cp312-manylinux_2_17_x86_64.manylinux2014_x86_64.whl.metadata (19 kB)\n",
      "Requirement already satisfied: tika==2.6.0 in /home/thomas/anaconda3/lib/python3.12/site-packages (from harmonydata) (2.6.0)\n",
      "Requirement already satisfied: lxml==5.3.0 in /home/thomas/anaconda3/lib/python3.12/site-packages (from harmonydata) (5.3.0)\n",
      "Requirement already satisfied: langdetect==1.0.9 in /home/thomas/anaconda3/lib/python3.12/site-packages (from harmonydata) (1.0.9)\n",
      "Requirement already satisfied: XlsxWriter==3.0.9 in /home/thomas/anaconda3/lib/python3.12/site-packages (from harmonydata) (3.0.9)\n",
      "Requirement already satisfied: openpyxl==3.1.2 in /home/thomas/anaconda3/lib/python3.12/site-packages (from harmonydata) (3.1.2)\n",
      "Requirement already satisfied: wget==3.2 in /home/thomas/anaconda3/lib/python3.12/site-packages (from harmonydata) (3.2)\n",
      "Requirement already satisfied: sentence-transformers==3.4.1 in /home/thomas/anaconda3/lib/python3.12/site-packages (from harmonydata) (3.4.1)\n",
      "Requirement already satisfied: numpy==1.26.4 in /home/thomas/anaconda3/lib/python3.12/site-packages (from harmonydata) (1.26.4)\n",
      "Requirement already satisfied: sklearn-crfsuite==0.5.0 in /home/thomas/anaconda3/lib/python3.12/site-packages (from harmonydata) (0.5.0)\n",
      "Requirement already satisfied: scikit-learn in /home/thomas/anaconda3/lib/python3.12/site-packages (from harmonydata) (1.5.0)\n",
      "Requirement already satisfied: scipy==1.14.1 in /home/thomas/anaconda3/lib/python3.12/site-packages (from harmonydata) (1.14.1)\n",
      "Collecting huggingface-hub==0.29.3 (from harmonydata)\n",
      "  Using cached huggingface_hub-0.29.3-py3-none-any.whl.metadata (13 kB)\n",
      "Requirement already satisfied: filelock in /home/thomas/anaconda3/lib/python3.12/site-packages (from huggingface-hub==0.29.3->harmonydata) (3.13.1)\n",
      "Requirement already satisfied: fsspec>=2023.5.0 in /home/thomas/anaconda3/lib/python3.12/site-packages (from huggingface-hub==0.29.3->harmonydata) (2024.6.1)\n",
      "Requirement already satisfied: packaging>=20.9 in /home/thomas/anaconda3/lib/python3.12/site-packages (from huggingface-hub==0.29.3->harmonydata) (24.1)\n",
      "Requirement already satisfied: pyyaml>=5.1 in /home/thomas/anaconda3/lib/python3.12/site-packages (from huggingface-hub==0.29.3->harmonydata) (6.0.1)\n",
      "Requirement already satisfied: requests in /home/thomas/anaconda3/lib/python3.12/site-packages (from huggingface-hub==0.29.3->harmonydata) (2.32.3)\n",
      "Requirement already satisfied: tqdm>=4.42.1 in /home/thomas/anaconda3/lib/python3.12/site-packages (from huggingface-hub==0.29.3->harmonydata) (4.66.5)\n",
      "Requirement already satisfied: typing-extensions>=3.7.4.3 in /home/thomas/anaconda3/lib/python3.12/site-packages (from huggingface-hub==0.29.3->harmonydata) (4.11.0)\n",
      "Requirement already satisfied: six in /home/thomas/anaconda3/lib/python3.12/site-packages (from langdetect==1.0.9->harmonydata) (1.16.0)\n",
      "Requirement already satisfied: et-xmlfile in /home/thomas/anaconda3/lib/python3.12/site-packages (from openpyxl==3.1.2->harmonydata) (1.1.0)\n",
      "Requirement already satisfied: python-dateutil>=2.8.2 in /home/thomas/anaconda3/lib/python3.12/site-packages (from pandas==2.2.2->harmonydata) (2.9.0.post0)\n",
      "Requirement already satisfied: pytz>=2020.1 in /home/thomas/anaconda3/lib/python3.12/site-packages (from pandas==2.2.2->harmonydata) (2024.1)\n",
      "Requirement already satisfied: tzdata>=2022.7 in /home/thomas/anaconda3/lib/python3.12/site-packages (from pandas==2.2.2->harmonydata) (2023.3)\n",
      "Requirement already satisfied: annotated-types>=0.4.0 in /home/thomas/anaconda3/lib/python3.12/site-packages (from pydantic==2.8.2->harmonydata) (0.6.0)\n",
      "Requirement already satisfied: pydantic-core==2.20.1 in /home/thomas/anaconda3/lib/python3.12/site-packages (from pydantic==2.8.2->harmonydata) (2.20.1)\n",
      "Requirement already satisfied: transformers<5.0.0,>=4.41.0 in /home/thomas/anaconda3/lib/python3.12/site-packages (from sentence-transformers==3.4.1->harmonydata) (4.49.0)\n",
      "Requirement already satisfied: torch>=1.11.0 in /home/thomas/anaconda3/lib/python3.12/site-packages (from sentence-transformers==3.4.1->harmonydata) (2.6.0)\n",
      "Requirement already satisfied: Pillow in /home/thomas/anaconda3/lib/python3.12/site-packages (from sentence-transformers==3.4.1->harmonydata) (10.4.0)\n",
      "Requirement already satisfied: python-crfsuite>=0.9.7 in /home/thomas/anaconda3/lib/python3.12/site-packages (from sklearn-crfsuite==0.5.0->harmonydata) (0.9.11)\n",
      "Requirement already satisfied: tabulate>=0.4.2 in /home/thomas/anaconda3/lib/python3.12/site-packages (from sklearn-crfsuite==0.5.0->harmonydata) (0.9.0)\n",
      "Requirement already satisfied: setuptools in /home/thomas/anaconda3/lib/python3.12/site-packages (from tika==2.6.0->harmonydata) (75.1.0)\n",
      "Requirement already satisfied: joblib>=1.2.0 in /home/thomas/anaconda3/lib/python3.12/site-packages (from scikit-learn->harmonydata) (1.4.2)\n",
      "Requirement already satisfied: threadpoolctl>=3.1.0 in /home/thomas/anaconda3/lib/python3.12/site-packages (from scikit-learn->harmonydata) (3.5.0)\n",
      "Requirement already satisfied: networkx in /home/thomas/anaconda3/lib/python3.12/site-packages (from torch>=1.11.0->sentence-transformers==3.4.1->harmonydata) (3.3)\n",
      "Requirement already satisfied: jinja2 in /home/thomas/anaconda3/lib/python3.12/site-packages (from torch>=1.11.0->sentence-transformers==3.4.1->harmonydata) (3.1.4)\n",
      "Requirement already satisfied: nvidia-cuda-nvrtc-cu12==12.4.127 in /home/thomas/anaconda3/lib/python3.12/site-packages (from torch>=1.11.0->sentence-transformers==3.4.1->harmonydata) (12.4.127)\n",
      "Requirement already satisfied: nvidia-cuda-runtime-cu12==12.4.127 in /home/thomas/anaconda3/lib/python3.12/site-packages (from torch>=1.11.0->sentence-transformers==3.4.1->harmonydata) (12.4.127)\n",
      "Requirement already satisfied: nvidia-cuda-cupti-cu12==12.4.127 in /home/thomas/anaconda3/lib/python3.12/site-packages (from torch>=1.11.0->sentence-transformers==3.4.1->harmonydata) (12.4.127)\n",
      "Requirement already satisfied: nvidia-cudnn-cu12==9.1.0.70 in /home/thomas/anaconda3/lib/python3.12/site-packages (from torch>=1.11.0->sentence-transformers==3.4.1->harmonydata) (9.1.0.70)\n",
      "Requirement already satisfied: nvidia-cublas-cu12==12.4.5.8 in /home/thomas/anaconda3/lib/python3.12/site-packages (from torch>=1.11.0->sentence-transformers==3.4.1->harmonydata) (12.4.5.8)\n",
      "Requirement already satisfied: nvidia-cufft-cu12==11.2.1.3 in /home/thomas/anaconda3/lib/python3.12/site-packages (from torch>=1.11.0->sentence-transformers==3.4.1->harmonydata) (11.2.1.3)\n",
      "Requirement already satisfied: nvidia-curand-cu12==10.3.5.147 in /home/thomas/anaconda3/lib/python3.12/site-packages (from torch>=1.11.0->sentence-transformers==3.4.1->harmonydata) (10.3.5.147)\n",
      "Requirement already satisfied: nvidia-cusolver-cu12==11.6.1.9 in /home/thomas/anaconda3/lib/python3.12/site-packages (from torch>=1.11.0->sentence-transformers==3.4.1->harmonydata) (11.6.1.9)\n",
      "Requirement already satisfied: nvidia-cusparse-cu12==12.3.1.170 in /home/thomas/anaconda3/lib/python3.12/site-packages (from torch>=1.11.0->sentence-transformers==3.4.1->harmonydata) (12.3.1.170)\n",
      "Requirement already satisfied: nvidia-cusparselt-cu12==0.6.2 in /home/thomas/anaconda3/lib/python3.12/site-packages (from torch>=1.11.0->sentence-transformers==3.4.1->harmonydata) (0.6.2)\n",
      "Requirement already satisfied: nvidia-nccl-cu12==2.21.5 in /home/thomas/anaconda3/lib/python3.12/site-packages (from torch>=1.11.0->sentence-transformers==3.4.1->harmonydata) (2.21.5)\n",
      "Requirement already satisfied: nvidia-nvtx-cu12==12.4.127 in /home/thomas/anaconda3/lib/python3.12/site-packages (from torch>=1.11.0->sentence-transformers==3.4.1->harmonydata) (12.4.127)\n",
      "Requirement already satisfied: nvidia-nvjitlink-cu12==12.4.127 in /home/thomas/anaconda3/lib/python3.12/site-packages (from torch>=1.11.0->sentence-transformers==3.4.1->harmonydata) (12.4.127)\n",
      "Requirement already satisfied: triton==3.2.0 in /home/thomas/anaconda3/lib/python3.12/site-packages (from torch>=1.11.0->sentence-transformers==3.4.1->harmonydata) (3.2.0)\n",
      "Requirement already satisfied: sympy==1.13.1 in /home/thomas/anaconda3/lib/python3.12/site-packages (from torch>=1.11.0->sentence-transformers==3.4.1->harmonydata) (1.13.1)\n",
      "Requirement already satisfied: mpmath<1.4,>=1.1.0 in /home/thomas/anaconda3/lib/python3.12/site-packages (from sympy==1.13.1->torch>=1.11.0->sentence-transformers==3.4.1->harmonydata) (1.3.0)\n",
      "Requirement already satisfied: regex!=2019.12.17 in /home/thomas/anaconda3/lib/python3.12/site-packages (from transformers<5.0.0,>=4.41.0->sentence-transformers==3.4.1->harmonydata) (2024.9.11)\n",
      "Requirement already satisfied: tokenizers<0.22,>=0.21 in /home/thomas/anaconda3/lib/python3.12/site-packages (from transformers<5.0.0,>=4.41.0->sentence-transformers==3.4.1->harmonydata) (0.21.1)\n",
      "Requirement already satisfied: safetensors>=0.4.1 in /home/thomas/anaconda3/lib/python3.12/site-packages (from transformers<5.0.0,>=4.41.0->sentence-transformers==3.4.1->harmonydata) (0.5.2)\n",
      "Requirement already satisfied: charset-normalizer<4,>=2 in /home/thomas/anaconda3/lib/python3.12/site-packages (from requests->huggingface-hub==0.29.3->harmonydata) (3.3.2)\n",
      "Requirement already satisfied: idna<4,>=2.5 in /home/thomas/anaconda3/lib/python3.12/site-packages (from requests->huggingface-hub==0.29.3->harmonydata) (3.7)\n",
      "Requirement already satisfied: urllib3<3,>=1.21.1 in /home/thomas/anaconda3/lib/python3.12/site-packages (from requests->huggingface-hub==0.29.3->harmonydata) (2.2.3)\n",
      "Requirement already satisfied: certifi>=2017.4.17 in /home/thomas/anaconda3/lib/python3.12/site-packages (from requests->huggingface-hub==0.29.3->harmonydata) (2024.8.30)\n",
      "Requirement already satisfied: MarkupSafe>=2.0 in /home/thomas/anaconda3/lib/python3.12/site-packages (from jinja2->torch>=1.11.0->sentence-transformers==3.4.1->harmonydata) (2.1.3)\n",
      "Downloading harmonydata-1.0.5-py3-none-any.whl (203 kB)\n",
      "Using cached huggingface_hub-0.29.3-py3-none-any.whl (468 kB)\n",
      "Using cached pandas-2.2.2-cp312-cp312-manylinux_2_17_x86_64.manylinux2014_x86_64.whl (12.7 MB)\n",
      "\u001b[33mWARNING: Ignoring invalid distribution ~rotobuf (/home/thomas/anaconda3/lib/python3.12/site-packages)\u001b[0m\u001b[33m\n",
      "\u001b[0mInstalling collected packages: pandas, huggingface-hub, harmonydata\n",
      "  Attempting uninstall: pandas\n",
      "\u001b[33m    WARNING: Ignoring invalid distribution ~rotobuf (/home/thomas/anaconda3/lib/python3.12/site-packages)\u001b[0m\u001b[33m\n",
      "\u001b[0m    Found existing installation: pandas 2.2.3\n",
      "    Uninstalling pandas-2.2.3:\n",
      "      Successfully uninstalled pandas-2.2.3\n",
      "  Attempting uninstall: huggingface-hub\n",
      "\u001b[33m    WARNING: Ignoring invalid distribution ~rotobuf (/home/thomas/anaconda3/lib/python3.12/site-packages)\u001b[0m\u001b[33m\n",
      "\u001b[0m    Found existing installation: huggingface-hub 0.29.1\n",
      "    Uninstalling huggingface-hub-0.29.1:\n",
      "      Successfully uninstalled huggingface-hub-0.29.1\n",
      "\u001b[33mWARNING: Ignoring invalid distribution ~rotobuf (/home/thomas/anaconda3/lib/python3.12/site-packages)\u001b[0m\u001b[33m\n",
      "\u001b[0mSuccessfully installed harmonydata-1.0.5 huggingface-hub-0.29.3 pandas-2.2.2\n",
      "\u001b[33mWARNING: Ignoring invalid distribution ~rotobuf (/home/thomas/anaconda3/lib/python3.12/site-packages)\u001b[0m\u001b[33m\n",
      "\u001b[0m\u001b[33mWARNING: Ignoring invalid distribution ~rotobuf (/home/thomas/anaconda3/lib/python3.12/site-packages)\u001b[0m\u001b[33m\n",
      "\u001b[0m"
     ]
    }
   ],
   "source": [
    "!pip install harmonydata"
   ]
  },
  {
   "cell_type": "code",
   "execution_count": 2,
   "id": "a1621f6b-198c-4272-99a0-aac6ce2ae700",
   "metadata": {},
   "outputs": [
    {
     "name": "stdout",
     "output_type": "stream",
     "text": [
      "\u001b[33mWARNING: Ignoring invalid distribution ~rotobuf (/home/thomas/anaconda3/lib/python3.12/site-packages)\u001b[0m\u001b[33m\n",
      "\u001b[0m\u001b[33mWARNING: Ignoring invalid distribution ~rotobuf (/home/thomas/anaconda3/lib/python3.12/site-packages)\u001b[0m\u001b[33m\n",
      "\u001b[0mRequirement already satisfied: matplotlib in /home/thomas/anaconda3/lib/python3.12/site-packages (3.9.2)\n",
      "Requirement already satisfied: contourpy>=1.0.1 in /home/thomas/anaconda3/lib/python3.12/site-packages (from matplotlib) (1.2.0)\n",
      "Requirement already satisfied: cycler>=0.10 in /home/thomas/anaconda3/lib/python3.12/site-packages (from matplotlib) (0.11.0)\n",
      "Requirement already satisfied: fonttools>=4.22.0 in /home/thomas/anaconda3/lib/python3.12/site-packages (from matplotlib) (4.51.0)\n",
      "Requirement already satisfied: kiwisolver>=1.3.1 in /home/thomas/anaconda3/lib/python3.12/site-packages (from matplotlib) (1.4.4)\n",
      "Requirement already satisfied: numpy>=1.23 in /home/thomas/anaconda3/lib/python3.12/site-packages (from matplotlib) (1.26.4)\n",
      "Requirement already satisfied: packaging>=20.0 in /home/thomas/anaconda3/lib/python3.12/site-packages (from matplotlib) (24.1)\n",
      "Requirement already satisfied: pillow>=8 in /home/thomas/anaconda3/lib/python3.12/site-packages (from matplotlib) (10.4.0)\n",
      "Requirement already satisfied: pyparsing>=2.3.1 in /home/thomas/anaconda3/lib/python3.12/site-packages (from matplotlib) (3.1.2)\n",
      "Requirement already satisfied: python-dateutil>=2.7 in /home/thomas/anaconda3/lib/python3.12/site-packages (from matplotlib) (2.9.0.post0)\n",
      "Requirement already satisfied: six>=1.5 in /home/thomas/anaconda3/lib/python3.12/site-packages (from python-dateutil>=2.7->matplotlib) (1.16.0)\n",
      "\u001b[33mWARNING: Ignoring invalid distribution ~rotobuf (/home/thomas/anaconda3/lib/python3.12/site-packages)\u001b[0m\u001b[33m\n",
      "\u001b[0m\u001b[33mWARNING: Ignoring invalid distribution ~rotobuf (/home/thomas/anaconda3/lib/python3.12/site-packages)\u001b[0m\u001b[33m\n",
      "\u001b[0m\u001b[33mWARNING: Ignoring invalid distribution ~rotobuf (/home/thomas/anaconda3/lib/python3.12/site-packages)\u001b[0m\u001b[33m\n",
      "\u001b[0m\u001b[33mWARNING: Ignoring invalid distribution ~rotobuf (/home/thomas/anaconda3/lib/python3.12/site-packages)\u001b[0m\u001b[33m\n",
      "\u001b[0m"
     ]
    }
   ],
   "source": [
    "!pip install matplotlib"
   ]
  },
  {
   "cell_type": "markdown",
   "id": "49414c45-6877-467f-8752-4522d3151e5c",
   "metadata": {},
   "source": [
    "## Import the library and check the version"
   ]
  },
  {
   "cell_type": "code",
   "execution_count": 3,
   "id": "2b7cc9f4-17e6-48bf-9234-4b51140307ea",
   "metadata": {},
   "outputs": [],
   "source": [
    "import harmony"
   ]
  },
  {
   "cell_type": "markdown",
   "id": "f7e2ac56-3cbe-468a-9e2c-2d6ca447bdcf",
   "metadata": {},
   "source": [
    "What version of Harmony are we on?"
   ]
  },
  {
   "cell_type": "code",
   "execution_count": 4,
   "id": "d2653207-4777-456e-af6f-1c5665e068be",
   "metadata": {},
   "outputs": [
    {
     "data": {
      "text/plain": [
       "'1.0.5'"
      ]
     },
     "execution_count": 4,
     "metadata": {},
     "output_type": "execute_result"
    }
   ],
   "source": [
    "harmony.__version__"
   ]
  },
  {
   "cell_type": "code",
   "execution_count": 5,
   "id": "69505436-b49c-44f0-8d0d-1bd38be60f2b",
   "metadata": {},
   "outputs": [],
   "source": [
    "from harmony import create_instrument_from_list\n",
    "\n",
    "gad_7_norwegian = create_instrument_from_list([\"Følt deg nervøs, engstelig eller veldig stresset\",\n",
    "                   \"Ikke klart å slutte å bekymre deg eller kontrolleren bekymringene dine\"],\n",
    "                  instrument_name=\"GAD-7 Norwegian\")"
   ]
  },
  {
   "cell_type": "code",
   "execution_count": 6,
   "id": "596d6c60-5741-4705-8382-5c50f43f214c",
   "metadata": {},
   "outputs": [],
   "source": [
    "instruments = [harmony.example_instruments[\"CES_D English\"],\n",
    "               harmony.example_instruments[\"GAD-7 Portuguese\"],\n",
    "               gad_7_norwegian]"
   ]
  },
  {
   "cell_type": "markdown",
   "id": "a6776849-a448-4a00-9278-d7e2a5f78585",
   "metadata": {},
   "source": [
    "You can provide a list of topics to Harmony to tag the questions with."
   ]
  },
  {
   "cell_type": "code",
   "execution_count": 7,
   "id": "ae289c5f-d3d4-4e27-b1d2-ea3dde71da47",
   "metadata": {},
   "outputs": [
    {
     "name": "stderr",
     "output_type": "stream",
     "text": [
      "/home/thomas/anaconda3/lib/python3.12/site-packages/sklearn/cluster/_affinity_propagation.py:142: ConvergenceWarning: Affinity propagation did not converge, this model may return degenerate cluster centers and labels.\n",
      "  warnings.warn(\n"
     ]
    }
   ],
   "source": [
    "match_response = harmony.match_instruments(instruments, topics=[\n",
    "    \"anxiety\", \"nervous\", \"difficulty\", \"scared\", \"unhappy\", \"sleep\", \"eating\"\n",
    "    ])\n",
    "\n",
    "questions = match_response.questions\n",
    "similarity = match_response.similarity_with_polarity\n",
    "response_options_similarity = match_response.response_options_similarity"
   ]
  },
  {
   "cell_type": "markdown",
   "id": "c296cf93-e760-4184-b179-ea3f4a3f83d5",
   "metadata": {},
   "source": [
    "See the questions and topics"
   ]
  },
  {
   "cell_type": "code",
   "execution_count": 8,
   "id": "22709267-cd1b-40bf-b2e5-fb311c134b3a",
   "metadata": {},
   "outputs": [
    {
     "name": "stdout",
     "output_type": "stream",
     "text": [
      "I was bothered by things that usually don’t bother me.\n",
      "\t Topics: []\n",
      "I did not feel like eating; my appetite was poor.\n",
      "\t Topics: ['eating']\n",
      "I felt that I could not shake off the blues even with help from my family or friends.\n",
      "\t Topics: ['difficulty']\n",
      "I felt I was just as good as other people.\n",
      "\t Topics: []\n",
      "I had trouble keeping my mind on what I was doing.\n",
      "\t Topics: ['difficulty']\n",
      "I felt depressed.\n",
      "\t Topics: ['unhappy']\n",
      "I felt that everything I did was an effort.\n",
      "\t Topics: []\n",
      "I felt hopeful about the future.\n",
      "\t Topics: []\n",
      "I thought my life had been a failure.\n",
      "\t Topics: []\n",
      "I felt fearful.\n",
      "\t Topics: ['scared']\n",
      "My sleep was restless.\n",
      "\t Topics: ['sleep']\n",
      "I was happy.\n",
      "\t Topics: []\n",
      "I talked less than usual.\n",
      "\t Topics: []\n",
      "I felt lonely.\n",
      "\t Topics: []\n",
      "People were unfriendly.\n",
      "\t Topics: []\n",
      "I enjoyed life.\n",
      "\t Topics: []\n",
      "I had crying spells.\n",
      "\t Topics: ['unhappy']\n",
      "I felt sad.\n",
      "\t Topics: []\n",
      "I felt that people dislike me.\n",
      "\t Topics: ['unhappy']\n",
      "I could not get “going.”\n",
      "\t Topics: []\n",
      "Sentir-se nervoso/a, ansioso/a ou muito tenso/a\n",
      "\t Topics: ['nervous']\n",
      "Não ser capaz de impedir ou de controlar as preocupações\n",
      "\t Topics: []\n",
      "Preocupar-se muito com diversas coisas\n",
      "\t Topics: ['scared']\n",
      "Dificuldade para relaxar\n",
      "\t Topics: []\n",
      "Ficar tão agitado/a que se torna difícil permanecer sentado/a\n",
      "\t Topics: ['difficulty']\n",
      "Ficar facilmente aborrecido/a ou irritado/a\n",
      "\t Topics: ['unhappy']\n",
      "Sentir medo como se algo horrível fosse acontecer\n",
      "\t Topics: ['scared']\n",
      "Følt deg nervøs, engstelig eller veldig stresset\n",
      "\t Topics: ['nervous', 'scared']\n",
      "Ikke klart å slutte å bekymre deg eller kontrolleren bekymringene dine\n",
      "\t Topics: ['anxiety', 'scared']\n"
     ]
    }
   ],
   "source": [
    "for q in questions:\n",
    "    print (q.question_text)\n",
    "    print(\"\\t\", \"Topics:\", q.topics)"
   ]
  },
  {
   "cell_type": "markdown",
   "id": "3cec3fb6-8ede-4b55-9cf1-cc13e121f208",
   "metadata": {},
   "source": [
    "See the similarity matrix"
   ]
  },
  {
   "cell_type": "code",
   "execution_count": 9,
   "id": "fd404da6-bef0-448e-be60-7f85c540736a",
   "metadata": {},
   "outputs": [
    {
     "data": {
      "text/plain": [
       "array([[ 1.        ,  0.31365012,  0.34323075, -0.26082835,  0.42788812,\n",
       "         0.34054826, -0.3074893 , -0.18449381, -0.25914563,  0.31232795,\n",
       "         0.28057174, -0.28101035,  0.48577076,  0.27214028, -0.28000391,\n",
       "        -0.1989061 ,  0.2869449 ,  0.31094228,  0.37545969,  0.28829139,\n",
       "         0.3378802 ,  0.44290323,  0.438708  , -0.26580206,  0.38783188,\n",
       "         0.53001133,  0.25845853,  0.34834389,  0.4759781 ],\n",
       "       [ 0.31365012,  1.        ,  0.32531283, -0.3844969 , -0.39382813,\n",
       "        -0.43607551, -0.44434266, -0.23701803, -0.46996572, -0.36608222,\n",
       "        -0.34493579, -0.2956176 ,  0.36299875,  0.38550648, -0.20762319,\n",
       "        -0.30174485, -0.41118524, -0.42717949, -0.33941373,  0.37951923,\n",
       "        -0.31706227,  0.11435868, -0.11078689, -0.19496468, -0.25027672,\n",
       "        -0.14382353, -0.24803396, -0.29994106, -0.12476518],\n",
       "       [ 0.34323075,  0.32531283,  1.        , -0.45727843,  0.36003788,\n",
       "         0.44618645, -0.4240064 , -0.30709131, -0.40909897,  0.34075579,\n",
       "        -0.2236731 , -0.39271   , -0.22370194,  0.32984185, -0.22401793,\n",
       "        -0.27902953, -0.40553125,  0.3980323 ,  0.33332522,  0.50227269,\n",
       "        -0.24738989,  0.36895739, -0.22465813, -0.30274135,  0.29955818,\n",
       "        -0.24200864, -0.3136671 , -0.26206926,  0.30112588],\n",
       "       [-0.26082835, -0.3844969 , -0.45727843,  1.        , -0.4569577 ,\n",
       "        -0.42277966,  0.38703228,  0.30366168, -0.52268369, -0.39910981,\n",
       "        -0.23776201,  0.51633246, -0.34108038, -0.3767205 , -0.36340258,\n",
       "         0.43201062, -0.35038495, -0.41867629, -0.48912954, -0.33474513,\n",
       "        -0.2370714 , -0.11974313, -0.18702055, -0.08848844, -0.20039013,\n",
       "        -0.18401696, -0.29761411, -0.21455048, -0.15025351],\n",
       "       [ 0.42788812, -0.39382813,  0.36003788, -0.4569577 ,  1.        ,\n",
       "         0.46612979,  0.42157178, -0.3835386 ,  0.43456739,  0.48017415,\n",
       "         0.41496818, -0.42821847,  0.39957158,  0.31182421,  0.18711682,\n",
       "        -0.33026813,  0.38767802,  0.40536662,  0.35042645,  0.55361806,\n",
       "         0.3233571 ,  0.35847939,  0.39130566, -0.28819371,  0.38578529,\n",
       "         0.23091105,  0.31127457,  0.32661312,  0.40517134],\n",
       "       [ 0.34054826, -0.43607551,  0.44618645, -0.42277966,  0.46612979,\n",
       "         1.        ,  0.37666923,  0.37785864,  0.61059277,  0.62348795,\n",
       "         0.38905807, -0.50561314,  0.3022999 ,  0.63457704,  0.14138988,\n",
       "        -0.3053482 ,  0.72113598,  0.84969056,  0.48665365,  0.40313184,\n",
       "         0.59024591,  0.19599931,  0.37991669,  0.34379191,  0.56529071,\n",
       "         0.33655821,  0.58247683,  0.57359596,  0.3399481 ],\n",
       "       [-0.3074893 , -0.44434266, -0.4240064 ,  0.38703228,  0.42157178,\n",
       "         0.37666923,  1.        ,  0.26738396, -0.4445798 , -0.28049191,\n",
       "         0.17394522,  0.26792152, -0.20775775, -0.34379546, -0.06809764,\n",
       "         0.30817031,  0.32916076,  0.31908619,  0.23190967, -0.40522168,\n",
       "        -0.23172471, -0.1904465 ,  0.16489996, -0.19845483, -0.24296781,\n",
       "        -0.21705444, -0.19064073, -0.22449911, -0.20121203],\n",
       "       [-0.18449381, -0.23701803, -0.30709131,  0.30366168, -0.3835386 ,\n",
       "         0.37785864,  0.26738396,  1.        , -0.44976477,  0.35844383,\n",
       "        -0.23884823,  0.51280409, -0.1656963 , -0.27657548, -0.15691071,\n",
       "         0.45722326,  0.17416221,  0.31848778, -0.13633848, -0.42640816,\n",
       "         0.32815377, -0.15540051,  0.26603857,  0.21937168, -0.15742549,\n",
       "         0.18717632,  0.32212818,  0.2892295 ,  0.26189335],\n",
       "       [-0.25914563, -0.46996572, -0.40909897, -0.52268369,  0.43456739,\n",
       "         0.61059277, -0.4445798 , -0.44976477,  1.        ,  0.4107287 ,\n",
       "         0.29550899, -0.49753083,  0.29700783,  0.5135982 ,  0.25589221,\n",
       "        -0.55140632,  0.5398524 ,  0.61248384,  0.56026084,  0.35783953,\n",
       "         0.19603635, -0.15471615,  0.19667964, -0.22919048,  0.28453992,\n",
       "         0.15559266,  0.43846325,  0.17708496, -0.22263676],\n",
       "       [ 0.31232795, -0.36608222,  0.34075579, -0.39910981,  0.48017415,\n",
       "         0.62348795, -0.28049191,  0.35844383,  0.4107287 ,  1.        ,\n",
       "         0.48508784, -0.45344683,  0.32909686,  0.50117061,  0.25206486,\n",
       "        -0.27815291,  0.5532917 ,  0.63532132,  0.49855953,  0.50229378,\n",
       "         0.50900466,  0.39954063,  0.48933749, -0.20231461,  0.40028247,\n",
       "         0.19039359,  0.81144531,  0.52537469,  0.44275866],\n",
       "       [ 0.28057174, -0.34493579, -0.2236731 , -0.23776201,  0.41496818,\n",
       "         0.38905807,  0.17394522, -0.23884823,  0.29550899,  0.48508784,\n",
       "         1.        , -0.30506056,  0.27763189,  0.34661316,  0.15333628,\n",
       "        -0.26047368,  0.40100565,  0.36290113,  0.22699762,  0.39342814,\n",
       "         0.3268485 , -0.17940384,  0.25595515, -0.36469052,  0.39686932,\n",
       "         0.26681698,  0.35875137,  0.29157868, -0.22916284],\n",
       "       [-0.28101035, -0.2956176 , -0.39271   ,  0.51633246, -0.42821847,\n",
       "        -0.50561314,  0.26792152,  0.51280409, -0.49753083, -0.45344683,\n",
       "        -0.30506056,  1.        , -0.31097613, -0.34956911, -0.29933192,\n",
       "         0.72797883, -0.5035294 , -0.56461113, -0.37712277, -0.46562901,\n",
       "        -0.34388993, -0.13187436, -0.22374915,  0.25037225, -0.32636527,\n",
       "        -0.3178572 , -0.37945635, -0.31133885, -0.18273997],\n",
       "       [ 0.48577076,  0.36299875, -0.22370194, -0.34108038,  0.39957158,\n",
       "         0.3022999 , -0.20775775, -0.1656963 ,  0.29700783,  0.32909686,\n",
       "         0.27763189, -0.31097613,  1.        ,  0.37878658,  0.410183  ,\n",
       "        -0.18781901,  0.29321214,  0.36460287,  0.39526678,  0.36901565,\n",
       "         0.21580743,  0.07026063,  0.11393022,  0.14035777,  0.19217954,\n",
       "         0.28559492,  0.16641531,  0.16334557, -0.12259958],\n",
       "       [ 0.27214028,  0.38550648,  0.32984185, -0.3767205 ,  0.31182421,\n",
       "         0.63457704, -0.34379546, -0.27657548,  0.5135982 ,  0.50117061,\n",
       "         0.34661316, -0.34956911,  0.37878658,  1.        ,  0.30862491,\n",
       "        -0.3052109 ,  0.48134503,  0.66418497,  0.44118959,  0.41113255,\n",
       "         0.40972153,  0.04911556,  0.17100067,  0.25634486,  0.41587133,\n",
       "         0.31452257,  0.41761598,  0.35414573,  0.12544568],\n",
       "       [-0.28000391, -0.20762319, -0.22401793, -0.36340258,  0.18711682,\n",
       "         0.14138988, -0.06809764, -0.15691071,  0.25589221,  0.25206486,\n",
       "         0.15333628, -0.29933192,  0.410183  ,  0.30862491,  1.        ,\n",
       "        -0.25251202,  0.1672267 ,  0.23000691,  0.45887044,  0.19634964,\n",
       "         0.09936232, -0.20750685,  0.11516755, -0.14587801,  0.13228071,\n",
       "         0.22911312,  0.23759177,  0.06459401, -0.1610336 ],\n",
       "       [-0.1989061 , -0.30174485, -0.27902953,  0.43201062, -0.33026813,\n",
       "        -0.3053482 ,  0.30817031,  0.45722326, -0.55140632, -0.27815291,\n",
       "        -0.26047368,  0.72797883, -0.18781901, -0.3052109 , -0.25251202,\n",
       "         1.        , -0.2864054 , -0.32981668, -0.27586999, -0.32003299,\n",
       "        -0.17854403, -0.04999806, -0.10206751,  0.30299896, -0.20539613,\n",
       "        -0.19172719, -0.22622933, -0.15254901,  0.12608319],\n",
       "       [ 0.2869449 , -0.41118524, -0.40553125, -0.35038495,  0.38767802,\n",
       "         0.72113598,  0.32916076,  0.17416221,  0.5398524 ,  0.5532917 ,\n",
       "         0.40100565, -0.5035294 ,  0.29321214,  0.48134503,  0.1672267 ,\n",
       "        -0.2864054 ,  1.        ,  0.76820665,  0.48849921,  0.38953472,\n",
       "         0.36905334, -0.17136347,  0.33421963,  0.27911943,  0.46396536,\n",
       "         0.22439437,  0.54269413,  0.37736891,  0.25686849],\n",
       "       [ 0.31094228, -0.42717949,  0.3980323 , -0.41867629,  0.40536662,\n",
       "         0.84969056,  0.31908619,  0.31848778,  0.61248384,  0.63532132,\n",
       "         0.36290113, -0.56461113,  0.36460287,  0.66418497,  0.23000691,\n",
       "        -0.32981668,  0.76820665,  1.        ,  0.56325475,  0.42075446,\n",
       "         0.49493341,  0.11707951,  0.32410947,  0.25369584,  0.50664527,\n",
       "         0.31677536,  0.62125057,  0.44607276,  0.23771368],\n",
       "       [ 0.37545969, -0.33941373,  0.33332522, -0.48912954,  0.35042645,\n",
       "         0.48665365,  0.23190967, -0.13633848,  0.56026084,  0.49855953,\n",
       "         0.22699762, -0.37712277,  0.39526678,  0.44118959,  0.45887044,\n",
       "        -0.27586999,  0.48849921,  0.56325475,  1.        ,  0.3145965 ,\n",
       "         0.20998913,  0.14102601,  0.26335403, -0.00327042,  0.24867791,\n",
       "         0.24362498,  0.41831115,  0.18925074,  0.15339243],\n",
       "       [ 0.28829139,  0.37951923,  0.50227269, -0.33474513,  0.55361806,\n",
       "         0.40313184, -0.40522168, -0.42640816,  0.35783953,  0.50229378,\n",
       "         0.39342814, -0.46562901,  0.36901565,  0.41113255,  0.19634964,\n",
       "        -0.32003299,  0.38953472,  0.42075446,  0.3145965 ,  1.        ,\n",
       "        -0.27130778,  0.33279813, -0.20272217, -0.30629046,  0.38392485,\n",
       "        -0.29537458,  0.34465328, -0.24045794, -0.24517567],\n",
       "       [ 0.3378802 , -0.31706227, -0.24738989, -0.2370714 ,  0.3233571 ,\n",
       "         0.59024591, -0.23172471,  0.32815377,  0.19603635,  0.50900466,\n",
       "         0.3268485 , -0.34388993,  0.21580743,  0.40972153,  0.09936232,\n",
       "        -0.17854403,  0.36905334,  0.49493341,  0.20998913, -0.27130778,\n",
       "         1.        ,  0.42197277,  0.52886245,  0.45592584,  0.61878452,\n",
       "         0.62172088,  0.52241399,  0.92610979,  0.5680121 ],\n",
       "       [ 0.44290323,  0.11435868,  0.36895739, -0.11974313,  0.35847939,\n",
       "         0.19599931, -0.1904465 , -0.15540051, -0.15471615,  0.39954063,\n",
       "        -0.17940384, -0.13187436,  0.07026063,  0.04911556, -0.20750685,\n",
       "        -0.04999806, -0.17136347,  0.11707951,  0.14102601,  0.33279813,\n",
       "         0.42197277,  1.        ,  0.62181964, -0.45255874, -0.49822603,\n",
       "        -0.42426878, -0.41434004,  0.5405692 ,  0.880754  ],\n",
       "       [ 0.438708  , -0.11078689, -0.22465813, -0.18702055,  0.39130566,\n",
       "         0.37991669,  0.16489996,  0.26603857,  0.19667964,  0.48933749,\n",
       "         0.25595515, -0.22374915,  0.11393022,  0.17100067,  0.11516755,\n",
       "        -0.10206751,  0.33421963,  0.32410947,  0.26335403, -0.20272217,\n",
       "         0.52886245,  0.62181964,  1.        ,  0.38445373,  0.54563727,\n",
       "         0.40793585,  0.57269334,  0.63231114,  0.71673502],\n",
       "       [-0.26580206, -0.19496468, -0.30274135, -0.08848844, -0.28819371,\n",
       "         0.34379191, -0.19845483,  0.21937168, -0.22919048, -0.20231461,\n",
       "        -0.36469052,  0.25037225,  0.14035777,  0.25634486, -0.14587801,\n",
       "         0.30299896,  0.27911943,  0.25369584, -0.00327042, -0.30629046,\n",
       "         0.45592584, -0.45255874,  0.38445373,  1.        ,  0.59924506,\n",
       "        -0.48413555, -0.29542475,  0.5143325 ,  0.51573881],\n",
       "       [ 0.38783188, -0.25027672,  0.29955818, -0.20039013,  0.38578529,\n",
       "         0.56529071, -0.24296781, -0.15742549,  0.28453992,  0.40028247,\n",
       "         0.39686932, -0.32636527,  0.19217954,  0.41587133,  0.13228071,\n",
       "        -0.20539613,  0.46396536,  0.50664527,  0.24867791,  0.38392485,\n",
       "         0.61878452, -0.49822603,  0.54563727,  0.59924506,  1.        ,\n",
       "         0.56679724,  0.45918204,  0.68737897, -0.5579238 ],\n",
       "       [ 0.53001133, -0.14382353, -0.24200864, -0.18401696,  0.23091105,\n",
       "         0.33655821, -0.21705444,  0.18717632,  0.15559266,  0.19039359,\n",
       "         0.26681698, -0.3178572 ,  0.28559492,  0.31452257,  0.22911312,\n",
       "        -0.19172719,  0.22439437,  0.31677536,  0.24362498, -0.29537458,\n",
       "         0.62172088, -0.42426878,  0.40793585, -0.48413555,  0.56679724,\n",
       "         1.        ,  0.26171543,  0.55825621, -0.47733369],\n",
       "       [ 0.25845853, -0.24803396, -0.3136671 , -0.29761411,  0.31127457,\n",
       "         0.58247683, -0.19064073,  0.32212818,  0.43846325,  0.81144531,\n",
       "         0.35875137, -0.37945635,  0.16641531,  0.41761598,  0.23759177,\n",
       "        -0.22622933,  0.54269413,  0.62125057,  0.41831115,  0.34465328,\n",
       "         0.52241399, -0.41434004,  0.57269334, -0.29542475,  0.45918204,\n",
       "         0.26171543,  1.        ,  0.56236216, -0.4854572 ],\n",
       "       [ 0.34834389, -0.29994106, -0.26206926, -0.21455048,  0.32661312,\n",
       "         0.57359596, -0.22449911,  0.2892295 ,  0.17708496,  0.52537469,\n",
       "         0.29157868, -0.31133885,  0.16334557,  0.35414573,  0.06459401,\n",
       "        -0.15254901,  0.37736891,  0.44607276,  0.18925074, -0.24045794,\n",
       "         0.92610979,  0.5405692 ,  0.63231114,  0.5143325 ,  0.68737897,\n",
       "         0.55825621,  0.56236216,  1.        ,  0.68338131],\n",
       "       [ 0.4759781 , -0.12476518,  0.30112588, -0.15025351,  0.40517134,\n",
       "         0.3399481 , -0.20121203,  0.26189335, -0.22263676,  0.44275866,\n",
       "        -0.22916284, -0.18273997, -0.12259958,  0.12544568, -0.1610336 ,\n",
       "         0.12608319,  0.25686849,  0.23771368,  0.15339243, -0.24517567,\n",
       "         0.5680121 ,  0.880754  ,  0.71673502,  0.51573881, -0.5579238 ,\n",
       "        -0.47733369, -0.4854572 ,  0.68338131,  1.        ]])"
      ]
     },
     "execution_count": 9,
     "metadata": {},
     "output_type": "execute_result"
    }
