{
 "cells": [
  {
   "cell_type": "markdown",
   "metadata": {
    "id": "dEAhNlpexeK_"
   },
   "source": [
    "![The Harmony Project logo](https://raw.githubusercontent.com/harmonydata/brand/main/Logo/PNG/%D0%BB%D0%BE%D0%B3%D0%BE%20%D1%84%D1%83%D0%BB-05.png)\n",
    "\n",
    "<a href=\"https://harmonydata.ac.uk\"><span align=\"left\">🌐 harmonydata.ac.uk</span></a>\n",
    "<a href=\"https://github.com/harmonydata/harmony\"><img align=\"left\" src=\"https://raw.githubusercontent.com//harmonydata/.github/main/profile/github-mark.svg\" alt=\"Harmony Python package | Github\" width=\"21px\"/></a>\n",
    "<a href=\"https://www.linkedin.com/company/harmonydata\"><img align=\"left\" src=\"https://raw.githubusercontent.com//harmonydata/.github/main/profile/linkedin.svg\" alt=\"Harmony | LinkedIn\" width=\"21px\"/></a>\n",
    "<a href=\"https://twitter.com/harmony_data\"><img align=\"left\" src=\"https://raw.githubusercontent.com//harmonydata/.github/main/profile/x.svg\" alt=\"Harmony | X\" width=\"21px\"/></a>\n",
    "<a href=\"https://www.instagram.com/harmonydata/\"><img align=\"left\" src=\"https://raw.githubusercontent.com//harmonydata/.github/main/profile/instagram.svg\" alt=\"Harmony | Instagram\" width=\"21px\"/></a>\n",
    "<a href=\"https://www.facebook.com/people/Harmony-Project/100086772661697/\"><img align=\"left\" src=\"https://raw.githubusercontent.com//harmonydata/.github/main/profile/fb.svg\" alt=\"Harmony | Facebook\" width=\"21px\"/></a>\n",
    "<a href=\"https://www.youtube.com/channel/UCraLlfBr0jXwap41oQ763OQ\"><img align=\"left\" src=\"https://raw.githubusercontent.com//harmonydata/.github/main/profile/yt.svg\" alt=\"Harmony | YouTube\" width=\"21px\"/></a>\n",
    "\n",
    "# Harmony walkthrough - Python library\n",
    "\n",
    "You can run this notebook in Google Colab: <a href=\"https://colab.research.google.com/github/harmonydata/harmony/blob/main/Harmony_example_walkthrough.ipynb\" target=\"_parent\"><img src=\"https://colab.research.google.com/assets/colab-badge.svg\" alt=\"Open In Colab\"/></a>\n",
    "\n",
    "This notebook shows how you can use Harmony to find the similarity matrix between two questionnaires from Harmony's database, and a third questionnaire which you input here (Norwegian GAD-7).\n",
    "\n",
    "Harmony is a data harmonisation tool that uses natural language\n",
    "processing to recognise where questions in questionnaires are semantically similar. Harmony is a collaboration project between [Ulster University](https://ulster.ac.uk/), [University College London](https://ucl.ac.uk/), the [Universidade Federal de Santa Maria](https://www.ufsm.br/), and [Fast Data Science](http://fastdatascience.com/).  Harmony is funded by [Wellcome](https://wellcome.org/) as part of the [Wellcome Data Prize in Mental Health](https://wellcome.org/grant-funding/schemes/wellcome-mental-health-data-prize).\n",
    "\n",
    "This walkthrough lets you compare items where questions have already been extracted from the PDFs. If you want to process PDFs, you also need to install\n",
    "Java and [Apache Tika](https://tika.apache.org/) - see the Harmony README.\n",
    "\n",
    "![my badge](https://badgen.net/badge/Status/In%20Development/orange)\n",
    "\n",
    "[![PyPI package](https://img.shields.io/badge/pip%20install-harmonydata-brightgreen)](https://pypi.org/project/harmonydata/)\n"
   ]
  },
  {
   "cell_type": "markdown",
   "metadata": {
    "id": "lcG2aGGGxqZD"
   },
   "source": [
    "## Install the Harmony Python library from Pypi"
   ]
  },
  {
   "cell_type": "code",
   "execution_count": 43,
   "metadata": {
    "colab": {
     "base_uri": "https://localhost:8080/"
    },
    "id": "pKZQAMDVxORb",
    "outputId": "afba804f-47d5-4faf-b58a-0350f5f508bd"
   },
   "outputs": [
    {
     "name": "stderr",
     "output_type": "stream",
     "text": [
      "'pip' is not recognized as an internal or external command,\n",
      "operable program or batch file.\n"
     ]
    }
   ],
   "source": [
    "!pip install harmonydata"
   ]
  },
  {
   "cell_type": "markdown",
   "metadata": {
    "id": "z8y6Db7VVnMz"
   },
   "source": [
    "Also install Matplotlib because we would like to do some plots in this demo. But this is not generally needed for Harmony."
   ]
  },
  {
   "cell_type": "code",
   "execution_count": 44,
   "metadata": {
    "colab": {
     "base_uri": "https://localhost:8080/"
    },
    "id": "i8qhsdimVtl-",
    "outputId": "710d85e7-0891-48ba-b816-8399542dff76"
   },
   "outputs": [
    {
     "name": "stderr",
     "output_type": "stream",
     "text": [
      "'pip' is not recognized as an internal or external command,\n",
      "operable program or batch file.\n"
     ]
    }
   ],
   "source": [
    "!pip install matplotlib"
   ]
  },
  {
   "cell_type": "markdown",
   "metadata": {
    "id": "kD9Eqhn6y3B2"
   },
   "source": [
    "## Import the library and check the version"
   ]
  },
  {
   "cell_type": "code",
   "execution_count": 45,
   "metadata": {
    "colab": {
     "base_uri": "https://localhost:8080/",
     "height": 1000,
     "referenced_widgets": [
      "f9715c5cbcd74669b026104532d6b3ae",
      "91f320ee273d4669817d9fc57027e59c",
      "a87f471ae46c4907baf34127c4848ef5",
      "2bd025b8e5c54042a3ea6dc0307f9307",
      "c66461bb66704c8e9896fbe1be90e7a3",
      "cfe1596e1cd44716b158f4d3ad1ee148",
      "d6673e3dcd9c425eb792dc3ddfe86bea",
      "fa88c7fe18874952a1c328696e9f7fa7",
      "183b3589cced42e5accf108c34148897",
      "5df2fafc12224b5b969ad0d002173e6e",
      "d22e63b0c4d24ef1951a00ffad6e92a9",
      "07bebfc2f0654bfd97c3b628786c1fe8",
      "404a3600b03942ccb7ed81178f120980",
      "b211931f895a4154ba11b7b2490a4946",
      "e6c6d113d3a049e1a5214fd5de9ef1e2",
      "5f2422261dc14d8b9dd7b777fabdb8f0",
      "9f43b4ecbb69496c82fabdfdb3a98766",
      "20dd1f06e7b341799ff1da947579c0a2",
      "ec2bdfa0a88c44ab9dd680c3c411de44",
      "37ce19d8d9194fc3b450deb29f472afd",
      "0d84b657408e4f5d838c7a066732ce7b",
      "4e8ecd21944247dd9dece7a1d83d8b22",
      "f6ac2c6db52a4e1c885105ed15277793",
      "ae5bee8c2a9c49c1997362b008803a2e",
      "e8f36682ffe2453fabfac9faf5bbd41c",
      "0dc510708bc744dba415c4fb68de4864",
      "133cd03bb83e459b8b39a38475c6ac16",
      "789d0c10cdcd445594e336880779a7de",
      "9cb610356c764ae4894cbd0f6e6e3da6",
      "6109313e92594aea99a88ec21db85e39",
      "f1d6c0b077b24f8a9ccd8dc2efeaa182",
      "2327bc2f7701431f8bdfc46887c89c0b",
      "5e169847af0c4b86a24b7bb22c9a3b1f",
      "4f880f47fd4a41bfb73e084f2a63a635",
      "c7ec647ae5cd4ce28cbb1a310974f468",
      "e87700882e784482a6dd3103efa1dcd0",
      "5209c0a4482a44e790b977ee425be903",
      "ed5196b8e44f49bc8137186f6177aae0",
      "2d53fb04bbf64f9da8b3f6cc3aba5ef5",
      "284508ea30cb4139800d70b93bc9d1ef",
      "dc6ae3e23213478d8c8a5b758a764314",
      "787e375e289b4cea80b8958482ce0ae1",
      "d3fb9d70f8a34e4ea23a92da49578b25",
      "5359204c4bcc4d80bf52d569daae6f52",
      "f8d96707723a44a4b4832b12c600ceeb",
      "ef2a4196bf4d4c30aef44e105013093c",
      "c7a600523f824efc8e1a74ed8289b210",
      "a7b86db5de5d44599c1b3b7e827ab267",
      "04ccc48a6070496db8790b545dfc467e",
      "b0ad97907a2c4c29a0380f0b472f6d76",
      "40d10ea69681464cbac7b4c979af63f3",
      "6df80f850b84478d810c47e080c4150c",
      "4ff42e28fdaf4f69aa6ec42c69322175",
      "95b1a47d70dd49f78152889bc36a3ff0",
      "267609d3c6594d52b200f928927a9926",
      "8414c5599087444c96b45abe1f857616",
      "cd703242a52d4e26bd0ce37e661b4e97",
      "67ae6d4db4694fe7b82a44e0a2b5c3e4",
      "d0c33b9f2f33428599198c418802ded7",
      "467755d212564a4b93140d429431647b",
      "e3e48ff282a642c2b5a9048dcc104272",
      "be287d92b9964881a15a55a3a87a16d7",
      "2aeb53e234f5417e988adbe11ee34da0",
      "9f182b3fddf74278baa29cfe634801ea",
      "3fc3dc47b88a4ebb844ecbfd3a4a38f9",
      "76287e49464746efbd471aa5fb67a41a",
      "8eb9277c7d6f401b9a5d5a49cfc13783",
      "121ef52cc2a84304bc606f7ef1e0876c",
      "0e7666b30390498ebb5244af541e5262",
      "be7322b6c90c496da73513d262b93b19",
      "e2af77194e7c4b7a915febb71f241029",
      "57b274dd7dd14df98b46f36cff012d96",
      "604b07e5540545868cc6a4ce75b3fb39",
      "a65a6d3b7f7c44a493e2d46f27b6c486",
      "c2eefd4cabd744d58825779af75b7122",
      "64707d335f464688b612c9cc7702fe3a",
      "17e8fa2abf8a45958b2896bed9221577",
      "dc2e98ee6971447a85d7bcc52ae2f2f8",
      "3b7a08313e2f42f5aedc0f5a4459d131",
      "7594f8eeeb074b33819d95e3063e9c0d",
      "95f57839b7524844a7c1e03b4cb639f8",
      "1eede247a863407686bcac16c21013b0",
      "6254f741c82b47138aca89b5ed29a595",
      "836190494fd648a1811b1d31f19d4271",
      "4832b9a3986f4d948336c15398a293b7",
      "fa9f6b8e769949b9bdb166008f80def4",
      "ea7552888ab0406999326cce225e3de0",
      "b29f972d64b74d0cb587fda703f328f4",
      "acd2fec8907f4eb4a9f9fc3c96523d75",
      "fdc93a6607ff4c9389748d991a6dcdf9",
      "8c0265c09f734842a6a8f4940bfb0ff7",
      "82d87d25dfa84bc8b79440efbb38e6c3",
      "b43d5f81d51642edb27de21aa78ff0d5",
      "47c46da69b7e4f17ab7acb7db7e32c2f",
      "5f62d0c10cee4e01ab5973bc324ddfdd",
      "be9dea2945264e969981003c6f0690e6",
      "f1a1d877dc8c44ea8aafac93d013f690",
      "a0d489b946d94c2ca614e3d1a07590f0",
      "f5499735160d4d139303c59803de82c9",
      "fce18900c7f3456bb371c3a1117f5ce1",
      "df817233c9864f09adfd50d0b398c894",
      "8054d915ec4e4ca98d9d10e6d6b69a74",
      "75f6dd4470c54b3fa544a13de91b1631",
      "2eb7b7fbe40e419fa97823ca54311d9a",
      "8cd5f4f86546451aaaae5aadd6fa37fe",
      "ce4c4d3f84a94084b6f3fd5d431d3f51",
      "f61eecadb7f444fa9cd8dbb4636190c9",
      "1eb7187f34fa40c89b42b410ae3cd2c7",
      "5a1e6161e660491c9bf041c652896520",
      "c8cfd26df9e046d7abbe37e47edf234c",
      "3c9ca5c514bf4495806c3df037a699e9",
      "ef8eea18c3164245876e6f708597dd5e",
      "425a7e7bbc3a430e976c51b9147f8ddc",
      "d894d4c30e3f4d2f9b994a875b30d4f4",
      "86069cc67f214f68af5c597c415b74b5",
      "ae125020b5044cc893c98d0d7b3c8edf",
      "13a47d23fed440d099e24bbb00f1978b",
      "a29b6646d54945659c128d3fff69447c",
      "fba1c5a431ca47499c04455407f00713",
      "3c3fcaedfa3d45839f6155c6a65677cc",
      "7f6d91a8d7de4b00a62da0014d15b9df",
      "811da1c9a98240a19a46cc3f46eed2f0",
      "86183ebb65ea48429bf84044237df756",
      "fc0db672946b46d583e3816ca8b75f09",
      "53b91fd1730b48929c71d8c663488e31",
      "790f549ff4964ecab1914c0d32714823",
      "4c69dc4b19da4754bd5e6aef996ab4be",
      "53d247c948a84a74a3276f27a0dbff23",
      "8ef2b1b3c6c041a78d40a3591c613ab6",
      "151c5a1060624d61aae4e7ef974375fb",
      "4ef55a1bbb46491ca681c3efdbc05fd5",
      "3a21760141f9457898a607842177f29c",
      "0d5c7f21bf0b4e34ba53551eb86494d5",
      "d511b4df86cb4eea9252196b4eaa9204",
      "9eb2207652844fdfb209495d4a8f68c7",
      "6b592d6ebbbb459aaa6414790de4ff66",
      "2002877512734e688670745fc0041d41",
      "91f6b9b2468b418fa174fecb9b2b3726",
      "8d7427096c7a45e4984d29fd661c2f75",
      "836107549cb54899bbae888840f925a3",
      "623d39c1f6bb4b1f94f38976a002bd1c",
      "3aae4854d30a41c2871eb7f5ae02938b",
      "245672aec04b4c978af4fdaf17f91353",
      "c1c4b24f59d74caea1e1810019196035",
      "d20e7b9a68ed40f3badba9ab62d6451e",
      "02e1e9d609c5425288f3e853056f8a25",
      "81bf196503714844b35a65ac9a87ab42",
      "9165c1db838545c59c425b0c0597548c",
      "84c13ffc69774fbab8153465634ab5cc",
      "d0245509086646dfaf6ad78b87506502",
      "de561a080fb348df835e27e3680f92dd",
      "6ad92789bbee4f90bd94b59e51a24cc9",
      "c1d78ba3c3bc42528e37552cd9a1f6c6",
      "e8d5d90a5d1b48968d5b6b71f949dcb6",
      "e26abeb34ea642a1b677f164556f65cc",
      "85f71e8d47d44800b4357618e0c8ee18",
      "65f4907cecf74a668afacb17f96a015a",
      "15871528618e4eae86b931ddf5eceefa",
      "283facec6be44ebca7d6e7a78eda0e6f",
      "4772ecfd172e4d21a26ff77effcc646a",
      "e32b07a63b3b4f74923acf8539730252",
      "3105a4260ba14df19bb8c5f10a9ae712",
      "9fb6ca1129df4d1f888d20593239fe50",
      "d4b60c56f0f843bf825767f9baed5683",
      "a40d77625d5748eba33da569d4c8ac14",
      "f2985148ad264fc2b450bc6c53d1038f",
      "8476536b9b6544b4a068620447bf6cc0",
      "24ec3f7e91ba4fe18b1f29334740e1ec",
      "d6ab9ba2435345ac95884606c6f93505",
      "c576f52cdaa64d0b903267579e3b8f8d",
      "fa548819b91f411b8accd71069ec3683",
      "d1f9e44f2f214b2d99f524fd8de37547",
      "a7976a09a3814518a80410b12ce75857",
      "16ebf968bf574be99e97cb24545c5ddb",
      "31beabd509304f1f8e85ecd2764f9bde",
      "01ab9ebcafed40a0a037ed3b72a04d03",
      "f2576d2743b74d37ba6018763137f620",
      "05120bf69e0f4b5d96c66e04dc8b47ee",
      "8a2c28ae570f4925b4e8fa76dc87da1d",
      "db5e98fc73a646bfbe19be1e8f2e47fa",
      "aabfc34dc9e2469f9b945431c120f3f9",
      "098c98f933d5409a8050ff413734f4ac",
      "e5ee75c36e7b49069254453e48fc7ab1",
      "465352cee8c54fdeb4c7d901f7e8cf5b",
      "b4689643999441e3826c3eddb264e877",
      "e1df019c1e794a868feeecfd7da09ad6",
      "c1ad8c4488de4de7905d95b877becc6e",
      "55f1321431094ff8b57fa8da069afc44",
      "d6e4ef9979314246b0f3ac18bf4d1817",
      "8ba8d5d54f9d4b83bb4413338dcd6ed5",
      "8452d32381cb4a12a7473a38491645ab",
      "344a8fd3ea03461d9dc1b5a0dd36bdd7",
      "d2b0f53449ef499db6163b0a11c8943d",
      "165197be62484a318a550bb325df1745",
      "e8158b6c0d2546ebbe6de5a460c58e38",
      "5dbb58403bd0455d8c9f4b9189f951ff",
      "cb0a7479520f47109737a92dbbb2027a",
      "ba10221216cc4bad8a40fd5df894e05b",
      "22a0f99a9ce04e9485f06b2745373a8b",
      "b580f072c8a4446a86f8edb87fb728b3",
      "80711a71573f418da6217c3f9b4bd79e",
      "fc66ee8c14ff4d4abc6a80d17eeced33",
      "062b489105b147049372cc2a10151c9f",
      "ca6964b6244b4f948c83cef99689c461",
      "95a5561c0af0470eaa398dd704fc7e8b",
      "39ae3d9ac6f441088d7fe3cb855893da",
      "f0e8d0969f8940f8904e0553a355dea8",
      "dae3d64fc32047b0a3bfc9dc52c297bb",
      "fafb686131404c5b900b0d712671322a",
      "5f4c3af771614f13af29f411b3f86ffd",
      "6f0972c9db454b75b4d7ac9085a96124",
      "c245454abc3e4d0fbc7a3b6ad53ff317",
      "88f5e51994f64a68bed8272ed495f9c2",
      "fe3757f1e0004e228772705674a13151",
      "462229b778f845b09d9bc11bcc9587bc",
      "4a94f76c2cac41b8b67223b6ed007c4c",
      "9be25156e8a24bc7adf5cd00ce2e7985",
      "6a529c096ca449ee8c3afdf6a3fbb69b",
      "c38777eac71b40de8087bdeb21e06cac",
      "aecb688ff99747ba97837aad230446c3",
      "b75fd299fd7b489fa06789888bcbcc65",
      "1c06f5273e704c7e91214c04eb3e1b22",
      "ed4432572fc241d0be75f0003424d2aa",
      "c6c1a84fdd4e4abd81e0678a8d224366",
      "6782958f6f8541328ff8c2b0d754d701",
      "ba7072f8d7b54360bf7d1335fa5a8759",
      "a22bc919711a439b98a6e73914aa772f",
      "c152d6d5d2cd4e1c89390be0c032c879",
      "3ccc424bf2044660ab05cddf1c48118f",
      "885060dcff8d4113a97190fbf89a6b6e",
      "a42fa4efbfc1486fa167ef24df277e6c",
      "7d01b2b9c2e6484f9a3ffc19cc89a7f8",
      "19eb99f219ed4602a709147b83fbc573",
      "2289a0eac5c044b08d23b3623b3a6a4b",
      "eb53cf6cca7c430699928e0fe5d5e2a6",
      "f5f6fd5021ad4222bee784d2f69a8429",
      "594573b6db264e1aa83f153c696179fd",
      "6527c4dc9ac749a49670a691a9169c18",
      "933c79f792b2442490790df3bfdf4cb2",
      "e8affab9009e401baae056bd5c2f9add",
      "881a32f913af4fd59e22cb1e6d6802dd",
      "8d2449d8d7ba4689b9b49f86dc9b8c77",
      "4f5475ef83eb4594a9c47b980e0ef773",
      "69048543cfc54e68967080aa3dd0949d",
      "9a291fc30d284b2fbd06187db1ea650a",
      "66dd31a33c614ce294ba643bfc98339d",
      "48972575b174460e8565266192e384db",
      "0e2d49e1b4da416ba2c31e275ba123e3",
      "925da68d84024e44b96d4b2005762dc0",
      "11891ce4dae54f699022a7b9f07d8265",
      "a77be68c8277472b8551558b8b5b1326",
      "9c2aa67218bf44a09f1b464cdbed97eb",
      "55f2305bd0a04734aa9ba3ff2b3f93c5",
      "e079036b97424f28ab8f2d26d7a3a4d3",
      "e23ad36c49ca4ed69f0f82811ca6c1d5",
      "9667012ab084430d90b5a08329ce1a2e",
      "845e285806be4a748c6b9fa093f7d980",
      "c941e366d36f4fe287d7232c7da93201",
      "a82f13f63ed74af1a501c34913a66a20",
      "9ade13c04ffb4b279ae12287f0f20293",
      "845a0684396d42eeacbf5fbff163c67c",
      "5d195181f9b34419a496478d39b45a9e",
      "3b3d3dc0b87642288e4da5251305bd33",
      "733212f871474997b328b616cd93c645",
      "a69bf88229c840d49cd3d04030e24000",
      "67a8929da02341aaaefe33d5e714e437",
      "54e68a74740743cd952a3c550a4310a2",
      "b54567ca1c684cc28fadb82a2fd1322f",
      "7e460a9347e943c2af27d533fee382a9",
      "6004984af0b7475b99418e7c11320237",
      "ec6aca0077e041bebb230ba3012161a5",
      "2a70b4bad7aa4fef9328e0d80c223d1a",
      "4ddc714a981745eb92657925116d1492",
      "ad0023e8473446e0be3df37df9c49450",
      "f966643b78db411097ed273a8a945068",
      "af0d9605c90e42b3a4f064605d986243",
      "85a5cb4a6b044ceb815f883e89c6d269",
      "45a2c1a6927f46f8b7f7f348357cc2b4",
      "c53be733b9814488aab6225d38432717",
      "f2b5f1c2dd464fa0aa428539c5045684",
      "5c00b773e99d48848ae612953a367469",
      "6cb21e0564384a91b9baf639b2b83c19",
      "9681799fe3ed4338ab070ef808fbfdf9",
      "3fbc49014712417ca8fcb13fb4cdcf60",
      "70d0b92507c44ff3848f123d62b26791",
      "1aca0f9d628549ebb031abb784cf5779",
      "76555a6f2f4a4236bc777f92bc27199b",
      "1af52a3781614fdf8970e58639ae64f3",
      "7fb6ebf395804850b824c68ec58333bb",
      "2a342b0bd5fa4f55aef69f6e4a33371e",
      "fd92ba91f0104377b46a2d5fc6ee58b1",
      "ffa5c900add34bcdb97592b23cee9c40",
      "ed81cd5dacae4ef09547abe2a62e6958",
      "c929903b2d784be798aa55ed46ea1c00",
      "0d2981e3ece34c779113c1b7af8902d2",
      "434cf5ec7d7b42f2b63fc286727c82fd",
      "d2292fe855344e538642bb59034b0b79"
     ]
    },
    "id": "rMXqPs-ExUHY",
    "outputId": "170ba689-3111-4fa2-afce-95c19920130b"
   },
   "outputs": [],
   "source": [
    "import harmony"
   ]
  },
  {
   "cell_type": "markdown",
   "metadata": {
    "id": "5ceSdcJfVjm4"
   },
   "source": [
    "What version of Harmony are we on?"
   ]
  },
  {
   "cell_type": "code",
   "execution_count": 46,
   "metadata": {
    "colab": {
     "base_uri": "https://localhost:8080/",
     "height": 35
    },
    "id": "1neRka-YVjm5",
    "outputId": "f351e648-eea7-4c2e-f4ae-66fc10f7ba35"
   },
   "outputs": [
    {
     "data": {
      "text/plain": [
       "'1.0.4'"
      ]
     },
     "execution_count": 46,
     "metadata": {},
     "output_type": "execute_result"
    }
   ],
   "source": [
    "harmony.__version__"
   ]
  },
  {
   "cell_type": "code",
   "execution_count": 47,
   "metadata": {
    "id": "s36pur0v6InB"
   },
   "outputs": [],
   "source": [
    "from harmony import create_instrument_from_list\n",
    "\n",
    "gad_7_norwegian = create_instrument_from_list([\"Følt deg nervøs, engstelig eller veldig stresset\",\n",
    "                   \"Ikke klart å slutte å bekymre deg eller kontrolleren bekymringene dine\"],\n",
    "                  instrument_name=\"GAD-7 Norwegian\")"
   ]
  },
  {
   "cell_type": "code",
   "execution_count": 48,
   "metadata": {
    "id": "mujvuUjrxV1G"
   },
   "outputs": [],
   "source": [
    "instruments = [harmony.example_instruments[\"CES_D English\"],\n",
    "               harmony.example_instruments[\"GAD-7 Portuguese\"],\n",
    "               gad_7_norwegian]"
   ]
  },
  {
   "cell_type": "markdown",
   "metadata": {},
   "source": [
    "You can provide a list of topics to Harmony to tag the questions with."
   ]
  },
  {
   "cell_type": "code",
   "execution_count": 49,
   "metadata": {
    "id": "FOHRcHrl6K7I"
   },
   "outputs": [
    {
     "name": "stderr",
     "output_type": "stream",
     "text": [
      "c:\\Users\\alexn\\AppData\\Local\\Programs\\Python\\Python313\\Lib\\site-packages\\sklearn\\cluster\\_affinity_propagation.py:140: ConvergenceWarning: Affinity propagation did not converge, this model may return degenerate cluster centers and labels.\n",
      "  warnings.warn(\n"
     ]
    }
   ],
   "source": [
    "match_response = harmony.match_instruments(instruments, topics=[\n",
    "    \"anxiety\", \"nervous\", \"difficulty\", \"scared\", \"unhappy\", \"sleep\", \"eating\"\n",
    "    ])\n",
    "\n",
    "questions = match_response.questions\n",
    "similarity = match_response.similarity_with_polarity\n",
    "response_options_similarity = match_response.response_options_similarity"
   ]
  },
  {
   "cell_type": "markdown",
   "metadata": {
    "id": "g3nhELT60CNy"
   },
   "source": [
    "See the questions and topics"
   ]
  },
  {
   "cell_type": "code",
   "execution_count": 50,
   "metadata": {
    "colab": {
     "base_uri": "https://localhost:8080/"
    },
    "id": "YinOWR8oxXRu",
    "outputId": "b0788479-77c1-4989-d4e6-2692aa5edf5e"
   },
   "outputs": [
    {
     "name": "stdout",
     "output_type": "stream",
     "text": [
      "I was bothered by things that usually don’t bother me.\n",
      "\t Topics: []\n",
      "I did not feel like eating; my appetite was poor.\n",
      "\t Topics: ['eating']\n",
      "I felt that I could not shake off the blues even with help from my family or friends.\n",
      "\t Topics: ['difficulty']\n",
      "I felt I was just as good as other people.\n",
      "\t Topics: []\n",
      "I had trouble keeping my mind on what I was doing.\n",
      "\t Topics: ['difficulty']\n",
      "I felt depressed.\n",
      "\t Topics: ['unhappy']\n",
      "I felt that everything I did was an effort.\n",
      "\t Topics: []\n",
      "I felt hopeful about the future.\n",
      "\t Topics: []\n",
      "I thought my life had been a failure.\n",
      "\t Topics: []\n",
      "I felt fearful.\n",
      "\t Topics: ['scared']\n",
      "My sleep was restless.\n",
      "\t Topics: ['sleep']\n",
      "I was happy.\n",
      "\t Topics: []\n",
      "I talked less than usual.\n",
      "\t Topics: []\n",
      "I felt lonely.\n",
      "\t Topics: []\n",
      "People were unfriendly.\n",
      "\t Topics: []\n",
      "I enjoyed life.\n",
      "\t Topics: []\n",
      "I had crying spells.\n",
      "\t Topics: ['unhappy']\n",
      "I felt sad.\n",
      "\t Topics: []\n",
      "I felt that people dislike me.\n",
      "\t Topics: ['unhappy']\n",
      "I could not get “going.”\n",
      "\t Topics: []\n",
      "Sentir-se nervoso/a, ansioso/a ou muito tenso/a\n",
      "\t Topics: ['nervous']\n",
      "Não ser capaz de impedir ou de controlar as preocupações\n",
      "\t Topics: []\n",
      "Preocupar-se muito com diversas coisas\n",
      "\t Topics: ['scared']\n",
      "Dificuldade para relaxar\n",
      "\t Topics: []\n",
      "Ficar tão agitado/a que se torna difícil permanecer sentado/a\n",
      "\t Topics: ['difficulty']\n",
      "Ficar facilmente aborrecido/a ou irritado/a\n",
      "\t Topics: ['unhappy']\n",
      "Sentir medo como se algo horrível fosse acontecer\n",
      "\t Topics: ['scared']\n",
      "Følt deg nervøs, engstelig eller veldig stresset\n",
      "\t Topics: ['nervous', 'scared']\n",
      "Ikke klart å slutte å bekymre deg eller kontrolleren bekymringene dine\n",
      "\t Topics: ['anxiety', 'scared']\n"
     ]
    }
   ],
   "source": [
    "for q in questions:\n",
    "    print (q.question_text)\n",
    "    print(\"\\t\", \"Topics:\", q.topics)"
   ]
  },
  {
   "cell_type": "markdown",
   "metadata": {
    "id": "coFWB74m0K_i"
   },
   "source": [
    "See the similarity matrix"
   ]
  },
  {
   "cell_type": "code",
   "execution_count": 51,
   "metadata": {
    "colab": {
     "base_uri": "https://localhost:8080/"
    },
    "id": "lAdAESnBzF4s",
    "outputId": "7da4d8b0-d96c-40fd-a07e-f65ade488291"
   },
   "outputs": [
    {
     "data": {
      "text/plain": [
       "array([[ 1.        ,  0.3136501 ,  0.3432307 , -0.26082839,  0.42788808,\n",
       "         0.34054828, -0.30748932, -0.18449382, -0.25914561,  0.312328  ,\n",
       "         0.28057172, -0.2810104 ,  0.4857707 ,  0.27214033, -0.2800039 ,\n",
       "        -0.19890615,  0.28694491,  0.31094231,  0.37545971,  0.28829143,\n",
       "         0.33788021,  0.44290323,  0.43870799, -0.26580207,  0.38783197,\n",
       "         0.53001137,  0.25845858,  0.34834391,  0.47597807],\n",
       "       [ 0.3136501 ,  1.        ,  0.3253128 , -0.38449691, -0.39382809,\n",
       "        -0.43607549, -0.44434265, -0.23701808, -0.46996565, -0.3660822 ,\n",
       "        -0.34493573, -0.29561764,  0.36299873,  0.38550647, -0.20762314,\n",
       "        -0.30174492, -0.41118515, -0.42717948, -0.33941368,  0.3795192 ,\n",
       "        -0.31706221,  0.11435867, -0.11078682, -0.19496466, -0.25027668,\n",
       "        -0.14382351, -0.24803394, -0.29994106, -0.12476516],\n",
       "       [ 0.3432307 ,  0.3253128 ,  1.        , -0.45727843,  0.36003788,\n",
       "         0.44618647, -0.42400639, -0.30709133, -0.409099  ,  0.34075582,\n",
       "        -0.22367308, -0.39271002, -0.22370193,  0.32984189, -0.22401793,\n",
       "        -0.27902952, -0.40553124,  0.39803232,  0.33332526,  0.50227274,\n",
       "        -0.24738988,  0.36895737, -0.22465808, -0.30274132,  0.29955817,\n",
       "        -0.24200861, -0.31366712, -0.26206925,  0.30112573],\n",
       "       [-0.26082839, -0.38449691, -0.45727843,  1.        , -0.4569577 ,\n",
       "        -0.42277964,  0.38703231,  0.30366168, -0.52268368, -0.39910976,\n",
       "        -0.23776195,  0.51633244, -0.34108037, -0.37672051, -0.36340257,\n",
       "         0.43201059, -0.35038491, -0.41867628, -0.48912953, -0.33474512,\n",
       "        -0.23707136, -0.11974314, -0.18702054, -0.08848843, -0.2003901 ,\n",
       "        -0.18401696, -0.29761406, -0.21455045, -0.15025349],\n",
       "       [ 0.42788808, -0.39382809,  0.36003788, -0.4569577 ,  1.        ,\n",
       "         0.46612982,  0.42157184, -0.38353858,  0.43456744,  0.48017415,\n",
       "         0.41496811, -0.42821848,  0.39957153,  0.31182424,  0.18711676,\n",
       "        -0.3302681 ,  0.38767804,  0.40536665,  0.35042643,  0.55361807,\n",
       "         0.32335717,  0.35847932,  0.39130564, -0.28819368,  0.38578531,\n",
       "         0.23091104,  0.31127458,  0.32661315,  0.4051713 ],\n",
       "       [ 0.34054828, -0.43607549,  0.44618647, -0.42277964,  0.46612982,\n",
       "         1.        ,  0.37666925,  0.37785869,  0.61059277,  0.62348791,\n",
       "         0.38905802, -0.50561312,  0.30229987,  0.63457704,  0.14138982,\n",
       "        -0.30534824,  0.72113593,  0.84969048,  0.48665365,  0.40313185,\n",
       "         0.59024591,  0.1959993 ,  0.37991665,  0.34379196,  0.56529064,\n",
       "         0.33655816,  0.58247677,  0.57359593,  0.33994808],\n",
       "       [-0.30748932, -0.44434265, -0.42400639,  0.38703231,  0.42157184,\n",
       "         0.37666925,  1.        ,  0.26738396, -0.4445798 , -0.2804919 ,\n",
       "         0.17394521,  0.26792154, -0.20775774, -0.34379545, -0.06809762,\n",
       "         0.30817031,  0.32916072,  0.31908619,  0.23190969, -0.40522169,\n",
       "        -0.23172468, -0.19044647,  0.16489995, -0.1984548 , -0.2429678 ,\n",
       "        -0.21705443, -0.1906407 , -0.22449912, -0.20121198],\n",
       "       [-0.18449382, -0.23701808, -0.30709133,  0.30366168, -0.38353858,\n",
       "         0.37785869,  0.26738396,  1.        , -0.44976479,  0.35844388,\n",
       "        -0.23884817,  0.51280409, -0.16569632, -0.27657548, -0.1569107 ,\n",
       "         0.45722325,  0.17416226,  0.31848785, -0.13633847, -0.4264082 ,\n",
       "         0.3281538 , -0.15540053,  0.26603855,  0.21937171, -0.15742548,\n",
       "         0.18717636,  0.32212825,  0.28922957,  0.26189338],\n",
       "       [-0.25914561, -0.46996565, -0.409099  , -0.52268368,  0.43456744,\n",
       "         0.61059277, -0.4445798 , -0.44976479,  1.        ,  0.41072868,\n",
       "         0.29550895, -0.49753083,  0.29700788,  0.51359823,  0.25589222,\n",
       "        -0.55140637,  0.53985236,  0.61248382,  0.56026085,  0.35783956,\n",
       "         0.19603634, -0.15471618,  0.19667959, -0.22919049,  0.28453987,\n",
       "         0.15559262,  0.43846318,  0.17708495, -0.22263674],\n",
       "       [ 0.312328  , -0.3660822 ,  0.34075582, -0.39910976,  0.48017415,\n",
       "         0.62348791, -0.2804919 ,  0.35844388,  0.41072868,  1.        ,\n",
       "         0.48508782, -0.4534468 ,  0.32909683,  0.50117065,  0.25206487,\n",
       "        -0.27815293,  0.55329169,  0.63532127,  0.49855956,  0.50229375,\n",
       "         0.50900472,  0.39954066,  0.48933751, -0.20231459,  0.40028248,\n",
       "         0.19039362,  0.81144534,  0.52537476,  0.44275865],\n",
       "       [ 0.28057172, -0.34493573, -0.22367308, -0.23776195,  0.41496811,\n",
       "         0.38905802,  0.17394521, -0.23884817,  0.29550895,  0.48508782,\n",
       "         1.        , -0.30506052,  0.27763183,  0.34661317,  0.15333624,\n",
       "        -0.26047364,  0.40100565,  0.36290108,  0.22699758,  0.39342811,\n",
       "         0.32684845, -0.17940385,  0.25595509, -0.36469054,  0.39686928,\n",
       "         0.26681693,  0.35875134,  0.29157866, -0.22916283],\n",
       "       [-0.2810104 , -0.29561764, -0.39271002,  0.51633244, -0.42821848,\n",
       "        -0.50561312,  0.26792154,  0.51280409, -0.49753083, -0.4534468 ,\n",
       "        -0.30506052,  1.        , -0.31097614, -0.34956913, -0.29933193,\n",
       "         0.72797878, -0.50352936, -0.56461116, -0.37712279, -0.46562903,\n",
       "        -0.34388996, -0.13187437, -0.22374913,  0.25037226, -0.32636526,\n",
       "        -0.31785725, -0.37945634, -0.31133886, -0.18273995],\n",
       "       [ 0.4857707 ,  0.36299873, -0.22370193, -0.34108037,  0.39957153,\n",
       "         0.30229987, -0.20775774, -0.16569632,  0.29700788,  0.32909683,\n",
       "         0.27763183, -0.31097614,  1.        ,  0.37878658,  0.410183  ,\n",
       "        -0.18781902,  0.29321216,  0.36460289,  0.39526675,  0.36901566,\n",
       "         0.21580743,  0.07026058,  0.11393014,  0.14035779,  0.19217956,\n",
       "         0.28559488,  0.16641529,  0.16334556, -0.12259956],\n",
       "       [ 0.27214033,  0.38550647,  0.32984189, -0.37672051,  0.31182424,\n",
       "         0.63457704, -0.34379545, -0.27657548,  0.51359823,  0.50117065,\n",
       "         0.34661317, -0.34956913,  0.37878658,  1.        ,  0.30862481,\n",
       "        -0.30521093,  0.48134505,  0.66418496,  0.44118962,  0.41113254,\n",
       "         0.40972155,  0.04911559,  0.17100068,  0.2563449 ,  0.41587131,\n",
       "         0.31452256,  0.41761598,  0.35414578,  0.1254457 ],\n",
       "       [-0.2800039 , -0.20762314, -0.22401793, -0.36340257,  0.18711676,\n",
       "         0.14138982, -0.06809762, -0.1569107 ,  0.25589222,  0.25206487,\n",
       "         0.15333624, -0.29933193,  0.410183  ,  0.30862481,  1.        ,\n",
       "        -0.25251198,  0.16722668,  0.23000687,  0.45887046,  0.19634968,\n",
       "         0.09936227, -0.20750686,  0.1151676 , -0.14587799,  0.13228071,\n",
       "         0.22911311,  0.23759176,  0.06459398, -0.16103356],\n",
       "       [-0.19890615, -0.30174492, -0.27902952,  0.43201059, -0.3302681 ,\n",
       "        -0.30534824,  0.30817031,  0.45722325, -0.55140637, -0.27815293,\n",
       "        -0.26047364,  0.72797878, -0.18781902, -0.30521093, -0.25251198,\n",
       "         1.        , -0.28640541, -0.32981674, -0.27587003, -0.32003303,\n",
       "        -0.17854405, -0.04999808, -0.10206749,  0.30299893, -0.20539612,\n",
       "        -0.19172721, -0.22622936, -0.15254903,  0.12608317],\n",
       "       [ 0.28694491, -0.41118515, -0.40553124, -0.35038491,  0.38767804,\n",
       "         0.72113593,  0.32916072,  0.17416226,  0.53985236,  0.55329169,\n",
       "         0.40100565, -0.50352936,  0.29321216,  0.48134505,  0.16722668,\n",
       "        -0.28640541,  1.        ,  0.7682066 ,  0.48849922,  0.38953473,\n",
       "         0.36905334, -0.17136344,  0.33421958,  0.27911946,  0.46396529,\n",
       "         0.22439434,  0.54269408,  0.37736886,  0.25686844],\n",
       "       [ 0.31094231, -0.42717948,  0.39803232, -0.41867628,  0.40536665,\n",
       "         0.84969048,  0.31908619,  0.31848785,  0.61248382,  0.63532127,\n",
       "         0.36290108, -0.56461116,  0.36460289,  0.66418496,  0.23000687,\n",
       "        -0.32981674,  0.7682066 ,  1.        ,  0.56325477,  0.42075443,\n",
       "         0.49493345,  0.11707951,  0.32410947,  0.25369587,  0.50664522,\n",
       "         0.31677538,  0.62125049,  0.44607275,  0.23771363],\n",
       "       [ 0.37545971, -0.33941368,  0.33332526, -0.48912953,  0.35042643,\n",
       "         0.48665365,  0.23190969, -0.13633847,  0.56026085,  0.49855956,\n",
       "         0.22699758, -0.37712279,  0.39526675,  0.44118962,  0.45887046,\n",
       "        -0.27587003,  0.48849922,  0.56325477,  1.        ,  0.31459648,\n",
       "         0.20998918,  0.14102603,  0.26335402, -0.00327036,  0.24867793,\n",
       "         0.24362494,  0.41831113,  0.18925079,  0.15339244],\n",
       "       [ 0.28829143,  0.3795192 ,  0.50227274, -0.33474512,  0.55361807,\n",
       "         0.40313185, -0.40522169, -0.4264082 ,  0.35783956,  0.50229375,\n",
       "         0.39342811, -0.46562903,  0.36901566,  0.41113254,  0.19634968,\n",
       "        -0.32003303,  0.38953473,  0.42075443,  0.31459648,  1.        ,\n",
       "        -0.2713078 ,  0.33279814, -0.20272216, -0.30629046,  0.38392486,\n",
       "        -0.29537458,  0.34465329, -0.24045795, -0.24517569],\n",
       "       [ 0.33788021, -0.31706221, -0.24738988, -0.23707136,  0.32335717,\n",
       "         0.59024591, -0.23172468,  0.3281538 ,  0.19603634,  0.50900472,\n",
       "         0.32684845, -0.34388996,  0.21580743,  0.40972155,  0.09936227,\n",
       "        -0.17854405,  0.36905334,  0.49493345,  0.20998918, -0.2713078 ,\n",
       "         1.        ,  0.42197278,  0.52886249,  0.45592585,  0.61878456,\n",
       "         0.62172093,  0.52241406,  0.92610985,  0.56801218],\n",
       "       [ 0.44290323,  0.11435867,  0.36895737, -0.11974314,  0.35847932,\n",
       "         0.1959993 , -0.19044647, -0.15540053, -0.15471618,  0.39954066,\n",
       "        -0.17940385, -0.13187437,  0.07026058,  0.04911559, -0.20750686,\n",
       "        -0.04999808, -0.17136344,  0.11707951,  0.14102603,  0.33279814,\n",
       "         0.42197278,  1.        ,  0.62181963, -0.45255874, -0.49822605,\n",
       "        -0.42426876, -0.4143401 ,  0.54056919,  0.88075394],\n",
       "       [ 0.43870799, -0.11078682, -0.22465808, -0.18702054,  0.39130564,\n",
       "         0.37991665,  0.16489995,  0.26603855,  0.19667959,  0.48933751,\n",
       "         0.25595509, -0.22374913,  0.11393014,  0.17100068,  0.1151676 ,\n",
       "        -0.10206749,  0.33421958,  0.32410947,  0.26335402, -0.20272216,\n",
       "         0.52886249,  0.62181963,  1.        ,  0.38445374,  0.54563728,\n",
       "         0.40793589,  0.57269342,  0.63231114,  0.71673506],\n",
       "       [-0.26580207, -0.19496466, -0.30274132, -0.08848843, -0.28819368,\n",
       "         0.34379196, -0.1984548 ,  0.21937171, -0.22919049, -0.20231459,\n",
       "        -0.36469054,  0.25037226,  0.14035779,  0.2563449 , -0.14587799,\n",
       "         0.30299893,  0.27911946,  0.25369587, -0.00327036, -0.30629046,\n",
       "         0.45592585, -0.45255874,  0.38445374,  1.        ,  0.59924508,\n",
       "        -0.48413557, -0.29542479,  0.51433248,  0.51573878],\n",
       "       [ 0.38783197, -0.25027668,  0.29955817, -0.2003901 ,  0.38578531,\n",
       "         0.56529064, -0.2429678 , -0.15742548,  0.28453987,  0.40028248,\n",
       "         0.39686928, -0.32636526,  0.19217956,  0.41587131,  0.13228071,\n",
       "        -0.20539612,  0.46396529,  0.50664522,  0.24867793,  0.38392486,\n",
       "         0.61878456, -0.49822605,  0.54563728,  0.59924508,  1.        ,\n",
       "         0.56679731,  0.45918202,  0.68737895, -0.55792379],\n",
       "       [ 0.53001137, -0.14382351, -0.24200861, -0.18401696,  0.23091104,\n",
       "         0.33655816, -0.21705443,  0.18717636,  0.15559262,  0.19039362,\n",
       "         0.26681693, -0.31785725,  0.28559488,  0.31452256,  0.22911311,\n",
       "        -0.19172721,  0.22439434,  0.31677538,  0.24362494, -0.29537458,\n",
       "         0.62172093, -0.42426876,  0.40793589, -0.48413557,  0.56679731,\n",
       "         1.        ,  0.26171543,  0.55825626, -0.47733367],\n",
       "       [ 0.25845858, -0.24803394, -0.31366712, -0.29761406,  0.31127458,\n",
       "         0.58247677, -0.1906407 ,  0.32212825,  0.43846318,  0.81144534,\n",
       "         0.35875134, -0.37945634,  0.16641529,  0.41761598,  0.23759176,\n",
       "        -0.22622936,  0.54269408,  0.62125049,  0.41831113,  0.34465329,\n",
       "         0.52241406, -0.4143401 ,  0.57269342, -0.29542479,  0.45918202,\n",
       "         0.26171543,  1.        ,  0.56236223, -0.48545724],\n",
       "       [ 0.34834391, -0.29994106, -0.26206925, -0.21455045,  0.32661315,\n",
       "         0.57359593, -0.22449912,  0.28922957,  0.17708495,  0.52537476,\n",
       "         0.29157866, -0.31133886,  0.16334556,  0.35414578,  0.06459398,\n",
       "        -0.15254903,  0.37736886,  0.44607275,  0.18925079, -0.24045795,\n",
       "         0.92610985,  0.54056919,  0.63231114,  0.51433248,  0.68737895,\n",
       "         0.55825626,  0.56236223,  1.        ,  0.68338137],\n",
       "       [ 0.47597807, -0.12476516,  0.30112573, -0.15025349,  0.4051713 ,\n",
       "         0.33994808, -0.20121198,  0.26189338, -0.22263674,  0.44275865,\n",
       "        -0.22916283, -0.18273995, -0.12259956,  0.1254457 , -0.16103356,\n",
       "         0.12608317,  0.25686844,  0.23771363,  0.15339244, -0.24517569,\n",
       "         0.56801218,  0.88075394,  0.71673506,  0.51573878, -0.55792379,\n",
       "        -0.47733367, -0.48545724,  0.68338137,  1.        ]])"
      ]
     },
     "execution_count": 51,
     "metadata": {},
     "output_type": "execute_result"
    }
   ],
   "source": [
    "similarity"
   ]
  },
  {
   "cell_type": "markdown",
   "metadata": {},
   "source": [
    "See the response options similarity matrix"
   ]
  },
  {
   "cell_type": "code",
   "execution_count": 52,
   "metadata": {},
   "outputs": [
    {
     "data": {
      "text/plain": [
       "array([[1.        , 1.        , 1.        , 1.        , 1.        ,\n",
       "        1.        , 1.        , 1.        , 1.        , 1.        ,\n",
       "        1.        , 1.        , 1.        , 1.        , 1.        ,\n",
       "        1.        , 1.        , 1.        , 1.        , 1.        ,\n",
       "        0.80901885, 0.80901885, 0.80901885, 0.80901885, 0.80901885,\n",
       "        0.80901885, 0.80901885, 0.13192245, 0.13192245],\n",
       "       [1.        , 1.        , 1.        , 1.        , 1.        ,\n",
       "        1.        , 1.        , 1.        , 1.        , 1.        ,\n",
       "        1.        , 1.        , 1.        , 1.        , 1.        ,\n",
       "        1.        , 1.        , 1.        , 1.        , 1.        ,\n",
       "        0.80901885, 0.80901885, 0.80901885, 0.80901885, 0.80901885,\n",
       "        0.80901885, 0.80901885, 0.13192245, 0.13192245],\n",
       "       [1.        , 1.        , 1.        , 1.        , 1.        ,\n",
       "        1.        , 1.        , 1.        , 1.        , 1.        ,\n",
       "        1.        , 1.        , 1.        , 1.        , 1.        ,\n",
       "        1.        , 1.        , 1.        , 1.        , 1.        ,\n",
       "        0.80901885, 0.80901885, 0.80901885, 0.80901885, 0.80901885,\n",
       "        0.80901885, 0.80901885, 0.13192245, 0.13192245],\n",
       "       [1.        , 1.        , 1.        , 1.        , 1.        ,\n",
